430.86
156.60
430.86
156.60
430.86
123.22
430.86
217.41
191.29
264.65
158.35
123.22
204.05
386.98
264.65
430.86
465.06
320.12
430.86
386.98
356.17
123.22
191.29
204.05
465.06
191.29
216.31
264.65
156.60
465.06
264.65
325.56
325.56
191.29
204.05
264.65
356.17
128.91
386.98
325.56
128.91
191.29
204.05
320.12
123.22
128.91
430.86
156.60
320.12
264.65
465.06
386.98
156.60
465.06
386.98
356.17
430.86
264.65
123.22
465.06
123.22
264.65
264.65
158.35
465.06
320.12
264.65
386.98
430.86
430.86
264.65
320.12
123.22
430.86
264.65
386.98
123.22
356.17
325.56
204.05
264.65
264.65
264.65
156.60
320.12
430.86
191.29
264.65
158.35
264.65
191.29
264.65
386.98
158.35
264.65
320.12
356.17
219.91
320.12
325.56
823.67
1267.66
1111.76
1299.90
1250.66
624.04
1279.31
1465.26
572.73
1485.59
945.12
1257.34
1465.26
1459.34
1608.60
1252.54
791.93
937.49
1303.49
1096.74
1297.42
1724.68
483.34
1146.38
564.16
1285.10
742.25
621.12
540.76
748.98
1477.12
1180.56
1030.41
763.69
1399.39
788.62
1249.74
1287.98
1258.54
869.00
664.61
1259.34
1240.56
696.88
981.16
1337.63
1280.06
1624.01
806.69
1279.31
772.84
1274.70
1229.96
1277.02
1233.75
866.18
1125.36
1282.84
754.93
934.47
1271.90
727.14
1182.00
799.12
1449.26
1468.46
742.25
858.43
1299.58
590.50
788.62
863.96
957.05
1202.69
1250.54
1251.65
1282.62
896.10
566.64
845.35
1364.54
418.17
1185.24
1300.14
1139.94
1212.85
845.35
805.79
1230.13
1276.78
1265.18
1288.31
1029.87
574.10
519.13
1218.20
822.65
664.43
682.23
963.78
1894.85
1510.91
1885.59
1275.97
1604.40
1981.62
1471.96
1085.40
1114.93
1958.50
1473.75
1745.14
1696.65
1370.56
1680.06
1935.62
1554.18
1709.85
1596.18
1765.22
1186.15
1806.88
1879.09
1711.55
1888.70
1479.01
1615.24
1591.38
1414.70
1632.61
686.23
1656.14
1523.89
1799.35
1116.62
1685.98
1352.67
1639.12
1847.74
1725.14
1229.41
1612.10
1272.86
1569.62
1912.50
1871.02
1691.42
1874.78
1649.82
1964.82
1366.61
1306.27
1782.98
1510.91
1871.82
1301.11
1546.26
1080.00
1857.42
1454.88
1543.86
1746.74
1954.02
1371.75
1561.46
1932.66
1957.70
1228.48
1897.43
1784.18
1758.02
1853.26
1483.33
1052.34
993.74
1438.02
1952.10
1606.63
1575.46
1378.68
1945.58
1196.03
1505.19
1792.18
631.81
1786.74
1806.11
1058.50
1758.66
1171.34
1793.46
1776.59
1698.62
1882.94
1170.54
1533.62
831.96
1987.44
1660.38
1757.46
1396.23
887.24
1328.85
732.01
961.38
748.98
868.14
987.38
1492.08
1483.06
895.10
974.82
1139.16
885.98
962.74
905.79
822.65
531.14
969.22
873.82
1390.82
733.42
850.25
1149.70
1190.78
887.98
1313.95
1378.90
866.78
877.15
382.48
404.00
509.33
2167.23
1068.94
716.77
869.00
363.63
1063.46
1119.17
667.98
702.24
1642.54
1429.72
972.95
1166.93
1054.58
373.82
876.37
1146.38
1785.47
960.47
527.93
1146.38
415.96
633.02
980.98
1078.14
625.15
614.70
689.34
965.30
1407.14
1071.02
379.63
1724.68
1345.78
785.09
547.00
888.78
1058.81
962.02
1079.82
1465.26
1078.78
1066.54
977.70
534.12
638.91
1276.06
698.21
795.80
889.74
463.97
1116.31
636.86
2167.23
268.97
963.69
1286.46
671.06
901.36
555.71
968.42
1864.94
1012.00
1192.86
1119.17
1020.36
1385.38
1386.67
575.37
847.33
1276.06
959.17
664.61
1584.24
956.53
777.19
1650.38
671.06
1216.36
1267.24
902.23
751.58
867.14
1433.05
463.37
1518.37
445.83
931.68
682.22
872.19
848.89
600.23
1009.05
1249.66
788.53
550.75
1249.66
582.85
608.09
1058.50
1090.31
769.81
1771.22
776.39
756.11
1150.19
1027.09
995.37
1303.61
667.85
636.51
815.14
1110.60
367.81
866.18
1652.05
613.07
255.57
370.37
421.79
741.46
972.85
608.43
757.42
547.10
536.99
836.96
737.98
689.85
857.05
830.27
1093.20
448.34
766.75
1165.44
978.93
198.42
711.07
954.43
1065.80
957.76
752.69
696.85
1165.44
1038.16
785.59
514.67
667.85
628.48
331.74
198.42
776.84
550.53
1096.60
837.11
556.04
1061.19
721.75
381.78
526.88
796.52
477.24
363.02
1165.44
911.88
776.84
553.29
911.36
833.86
624.78
331.74
942.06
331.74
670.35
625.15
841.82
434.17
755.30
534.65
415.96
532.44
363.02
668.41
737.86
1082.24
840.47
448.34
1313.95
627.49
1075.74
528.17
636.19
543.92
624.78
707.88
785.59
361.66
580.89
1090.31
737.28
522.74
375.48
707.88
993.42
198.42
1166.93
625.15
741.46
963.33
883.03
303.94
544.70
522.05
1251.65
1116.31
501.48
661.24
1344.60
1109.32
1346.70
1374.90
1156.55
519.13
718.71
850.57
1511.01
1309.40
751.58
1400.57
1478.56
718.71
1310.43
630.87
639.73
624.04
1502.11
1630.60
853.71
832.44
1238.48
1453.25
1398.22
1142.73
1510.78
1078.04
1287.00
837.60
630.87
1342.85
624.04
862.62
1223.27
1337.95
1287.00
1424.46
1233.06
1635.27
1532.88
835.54
1522.71
1541.53
1152.74
1346.73
1400.57
1287.00
1170.56
1200.54
1479.01
600.23
1634.04
1443.96
809.45
1308.71
1212.77
817.98
845.35
1336.76
835.54
1058.50
1156.55
1614.93
1294.63
1122.42
958.15
1236.96
1374.90
648.57
1638.22
674.94
1208.31
447.33
931.76
1250.17
1641.13
987.91
1453.25
958.15
845.35
600.23
718.71
1348.65
1323.93
997.94
1437.80
1443.96
1018.29
1452.17
717.10
1058.50
600.23
1559.61
1522.82
1116.80
648.57
1281.64
1249.44
1145.01
1585.86
2279.82
1695.82
1964.86
1450.86
1705.42
1692.22
1519.90
2014.72
1509.02
1611.70
1518.62
1755.09
1854.76
1692.54
1945.58
1681.98
2279.82
1776.59
1603.78
1592.90
1904.61
1504.70
1940.90
1694.62
1459.18
1499.74
2014.72
1394.66
1516.14
1687.90
2016.46
1862.45
1517.42
1515.26
1798.37
1401.06
1700.06
1707.50
1396.42
1586.58
1701.02
1514.54
1780.65
1585.54
1701.98
1493.50
1798.37
2206.14
1616.42
1406.34
2044.09
1457.82
1944.62
1705.02
1597.78
1971.23
2214.64
1457.74
1459.66
1457.50
1810.87
1449.90
1596.50
1940.90
1854.76
1862.45
1447.10
1708.54
1402.50
1710.14
1501.74
1498.70
1854.76
1798.37
1615.94
1904.61
1512.70
1880.76
1454.38
2024.20
1493.74
1679.90
1854.76
1964.86
2004.34
1608.98
1780.65
1453.90
2014.72
1405.06
1511.50
1703.74
1755.09
1693.50
1681.58
1614.02
2102.99
1720.21
1971.23
861.58
827.66
1149.71
2130.82
1126.74
609.76
1238.61
1270.47
648.13
1566.30
1990.82
1068.94
2143.22
2068.95
1577.55
2162.82
1787.41
1490.86
1950.42
1693.81
1443.02
2080.62
1846.54
1787.41
1850.30
1403.51
1354.34
1140.88
2045.66
1478.04
1662.88
1348.34
1981.62
1092.94
1185.94
1889.26
616.24
2030.46
1553.21
512.36
1700.54
1702.06
1699.58
742.25
863.74
1840.94
1824.13
781.82
1572.91
890.70
1538.26
1354.82
1577.84
2162.03
1702.15
1033.44
1606.63
1460.70
1053.65
1760.00
1343.76
1429.83
771.40
175.53
1313.95
1269.10
1626.90
1895.42
862.14
1155.35
1572.03
1372.83
1492.08
560.65
1401.75
1190.78
1499.08
1378.66
753.76
1779.92
1480.49
1286.91
1488.26
1780.65
787.12
1817.62
1561.20
2034.30
879.38
1947.78
1802.34
785.28
1575.87
1313.53
994.66
1291.74
1695.02
926.58
923.38
969.85
2024.06
1447.82
1566.82
2029.10
1517.50
1897.19
1839.67
1737.86
863.50
1843.98
1465.37
1113.54
1390.80
1416.98
910.62
1643.47
1748.46
957.94
1746.10
1187.70
781.82
1861.18
1720.21
1249.66
942.70
2159.33
1446.89
1351.62
1419.48
2035.50
360.83
1502.49
975.98
757.10
816.72
1523.75
993.22
865.54
1755.05
926.74
814.28
1584.73
595.56
1806.06
1110.60
1800.66
1871.27
1090.31
1045.96
2014.46
1671.23
1834.22
1797.14
2159.33
1479.02
801.73
1361.14
801.66
1103.88
1767.38
1742.48
789.01
858.96
1018.14
1772.95
1817.92
844.90
1286.06
1578.34
1986.58
1858.83
1819.41
1073.40
2091.66
1373.40
1447.95
1752.02
1905.50
1460.30
1671.42
1438.62
1882.62
1871.50
1666.29
1739.06
1044.30
511.49
939.95
795.80
1588.61
2066.06
1982.66
1091.34
1350.98
962.05
1462.30
1670.14
1666.18
1018.06
1748.34
998.98
1023.02
2135.86
1550.04
1030.41
1749.70
951.06
1699.56
1358.10
2066.54
1092.98
1959.06
1331.82
980.10
1755.62
2089.66
2111.38
1896.30
1539.00
1601.58
1238.15
2177.22
1513.02
1700.14
1087.20
1376.98
701.99
639.73
1085.22
1850.92
852.10
1536.28
1077.12
1944.62
2053.34
1193.50
1984.66
2162.58
2097.69
1915.79
1145.54
1453.10
1853.66
1283.34
1952.80
2032.62
1279.31
1454.94
1770.10
1858.36
644.21
821.54
1879.09
1624.68
1931.94
2182.02
1356.18
1895.58
1691.15
1901.18
1472.18
1711.55
830.45
1552.74
1179.30
1379.30
1136.82
1094.58
1594.42
1873.19
1284.62
805.12
1603.89
1779.54
1126.02
1430.96
1841.98
1707.34
2110.10
1279.31
1072.35
1058.50
917.79
972.74
875.42
1117.76
1397.06
966.26
1110.60
1392.90
1421.00
958.15
2040.22
1261.71
1216.29
1522.60
616.24
1542.54
1215.96
1480.14
1215.87
1629.24
1048.28
2166.90
1466.43
2004.75
1780.07
1478.14
874.99
2125.22
1705.90
1170.54
1393.33
1461.42
1641.98
1043.74
1917.14
1682.62
1924.26
1278.70
1523.75
1682.62
582.93
1476.48
322.00
1192.86
1124.15
1153.78
2028.46
636.02
1512.15
1576.74
1586.10
1834.95
1475.50
840.70
1548.66
1837.25
1917.54
695.98
1786.50
1485.59
1084.74
1595.38
1508.30
889.50
312.89
1271.22
1952.42
2128.34
1203.06
870.97
2125.06
1034.85
1728.78
1785.72
1639.12
1499.24
1266.78
2033.98
1912.29
1682.62
1498.06
1835.10
1138.66
1536.60
2098.07
1026.51
1934.26
1682.94
1148.50
1384.78
1977.70
832.91
1467.50
998.98
1917.57
1601.86
1193.46
1371.30
1141.46
1707.66
1825.98
1495.88
981.18
915.90
1166.93
1134.58
1806.06
1889.18
1082.14
1237.07
1415.56
969.85
1516.43
1116.31
1593.22
2057.40
1801.41
953.15
1651.81
1578.66
298.55
2065.16
869.50
1479.98
1653.18
1904.61
2131.22
845.82
666.59
1860.41
710.15
2075.55
1391.94
1874.78
406.91
1412.13
1682.08
1651.90
1569.37
1661.61
1516.88
1593.22
1170.54
1633.26
2011.66
1000.42
2137.46
1643.68
996.24
1570.26
864.01
1647.98
2074.94
1673.70
966.60
1064.54
1703.68
981.72
1962.95
1442.53
1799.35
1934.18
1589.65
1951.77
2027.10
1527.55
1525.76
1218.64
1354.66
1817.98
1149.78
1300.40
920.96
790.65
1929.64
966.26
1832.45
1512.15
1791.06
619.55
1815.02
1488.50
1459.66
1572.91
362.06
805.12
1769.78
624.78
1530.93
1002.42
1515.99
1682.98
948.58
1870.22
935.86
1390.34
964.95
1089.26
1318.30
1285.23
1000.02
1750.60
1932.34
443.16
1393.44
535.67
1421.45
1439.26
790.65
1916.72
866.05
1258.52
1062.52
1516.58
1784.26
1956.89
1517.50
904.14
1952.80
1593.62
1243.79
846.78
483.34
1673.00
1691.38
1276.06
1408.26
2075.90
1080.46
721.64
1939.46
1394.38
1285.66
1331.50
2140.10
1070.66
1809.91
968.21
1431.27
922.74
961.13
1618.13
1030.06
1830.54
1724.42
1201.41
1462.22
1510.91
600.23
1645.66
865.74
913.29
1790.26
1435.34
2162.03
1209.08
549.47
1627.83
1130.02
1833.24
1396.10
1764.82
1041.98
1492.64
1462.46
1372.58
1507.04
1461.00
2045.66
1372.83
1556.68
1438.41
1913.54
2057.18
1785.40
2076.38
911.50
1156.55
1203.93
1478.60
1350.90
949.34
2038.30
1620.60
835.69
1463.10
1594.34
1277.60
1415.75
983.79
1286.40
1175.65
703.45
980.62
817.05
1403.51
856.06
891.15
1204.06
862.61
1622.89
1575.66
992.50
1557.20
1726.51
718.30
1342.10
851.55
667.85
1130.10
895.54
958.90
1092.76
1589.65
1380.69
1371.86
1485.59
1696.72
1427.76
1450.06
865.06
1586.21
2176.66
1799.06
1651.81
1396.28
477.13
1710.72
1393.94
1557.20
967.30
1654.54
1594.74
1079.10
1365.45
1488.90
1291.04
1800.26
2127.22
1805.38
1135.54
1929.62
2046.22
1766.90
1458.63
825.00
1503.82
1224.95
2076.65
876.54
1592.55
2034.30
1485.26
871.50
2133.62
1563.70
1548.82
683.10
965.30
1993.22
2018.62
1949.06
1802.58
1341.30
1082.14
2116.58
1515.99
1073.34
1612.10
1005.06
1630.47
2197.33
1130.51
748.98
1884.46
1280.90
1491.63
570.99
888.06
811.43
967.16
2115.54
962.14
1721.70
1339.46
1592.18
1633.58
1953.86
2008.25
1396.28
1483.33
2063.34
1336.45
1876.20
1736.26
1550.55
891.90
1571.62
1082.06
988.66
1478.60
1920.66
1267.26
863.65
1837.90
1137.62
1452.94
1939.46
1202.69
2041.58
1515.99
1877.74
816.45
1602.98
1390.34
2091.26
907.50
1204.87
1950.51
2014.54
1313.90
1021.90
1006.18
1705.10
1139.54
1658.06
1044.94
466.21
1468.38
1058.50
1338.30
1143.51
2085.18
1273.45
1447.25
1881.70
1702.00
504.51
1243.10
1352.02
891.74
1612.10
1421.99
891.58
1500.09
1182.18
1094.70
910.14
1987.44
1482.14
850.62
814.85
1089.42
1932.02
1631.49
892.06
982.82
667.98
1510.57
1542.61
595.66
862.22
1888.25
1733.06
1597.54
1242.22
1663.39
920.37
1741.05
2117.30
1110.55
2147.22
1387.24
1778.90
540.97
824.80
1078.06
1357.12
1958.74
1287.00
1843.97
1376.66
1443.96
1573.06
866.90
1342.28
1872.44
2106.10
949.42
840.06
858.09
891.58
800.30
1490.51
1688.90
1334.25
2167.23
664.61
845.35
781.39
1077.12
1045.95
1623.65
1491.27
2091.02
1642.15
198.20
1519.98
961.95
630.87
1171.54
1458.25
831.96
1724.42
2110.90
1983.56
1041.41
448.85
1576.35
1799.65
1510.04
1560.78
796.15
1194.26
428.49
529.26
1356.26
1669.02
638.18
854.30
970.58
1470.90
1647.42
953.46
1771.54
320.68
931.86
955.92
1483.33
1696.65
1793.52
1825.26
1711.97
1864.86
1491.90
2049.10
1220.35
1716.13
1526.15
1483.06
1775.53
1266.19
1447.66
1457.66
1588.08
1536.60
1661.47
1922.50
1507.04
1461.43
1082.66
1202.46
1531.46
1339.30
1645.06
1460.38
2022.31
2239.35
1458.78
1863.26
406.91
1216.60
1237.71
2171.46
1450.62
865.27
1549.54
906.32
1871.98
1936.18
1897.42
1539.47
1941.57
1033.44
2179.22
1710.98
403.55
1468.01
1260.37
974.22
1192.50
1286.40
1366.34
1664.54
1511.93
1876.86
910.46
891.15
1067.02
1631.49
981.16
1579.73
1721.70
1727.79
429.61
889.46
1374.90
1068.44
1631.49
1319.38
1485.90
1915.06
777.25
1548.87
965.86
1849.10
1289.70
953.30
1391.62
1064.46
1873.19
2083.58
1801.41
1404.10
1373.40
1952.43
1472.00
1273.75
1380.98
1338.98
406.41
1406.02
1781.22
1858.83
1800.86
1285.20
877.74
1043.11
977.34
1933.70
621.12
386.42
836.37
594.93
1336.53
1116.62
847.33
493.25
1314.33
1643.07
1001.94
984.63
1770.92
1505.18
931.76
2102.74
2116.50
1448.72
1473.58
532.38
1461.99
1545.67
1090.31
1375.88
1200.20
1206.95
1711.55
909.42
1507.04
710.15
2337.73
881.80
2000.42
1510.08
1116.18
1502.27
1933.54
535.67
1438.52
541.26
897.58
1354.18
1976.90
290.36
1755.05
574.01
1775.13
1605.00
1170.24
1929.62
870.30
1137.70
1560.18
847.33
1040.46
1100.68
2133.62
2021.10
1110.00
1520.30
2153.70
1826.14
1230.70
1603.89
1567.43
1114.80
1370.10
1608.59
1485.10
1610.25
1606.63
1844.85
1764.46
1381.38
1760.10
2034.30
1825.50
1127.46
903.25
1265.26
1876.22
798.35
1836.78
1444.06
1461.23
2047.50
1432.75
1823.47
1717.37
1522.29
1711.56
1256.89
1718.71
1923.84
1970.01
540.97
975.58
1185.94
1613.74
1510.05
1395.30
2159.54
1263.10
868.05
857.66
1331.74
1508.94
603.81
1512.38
959.67
1086.10
2004.75
1456.46
1088.10
325.24
1839.67
1698.00
1732.20
2149.46
1652.06
1462.54
1070.38
2151.22
1810.37
1262.75
966.17
1189.07
1280.22
678.37
1793.52
1243.10
977.26
2174.66
1819.18
1653.42
1550.34
987.01
2029.58
1385.70
1989.13
828.02
1017.64
958.15
1574.58
1411.46
1675.98
1535.86
2145.94
1818.86
1131.38
1682.33
1384.02
1667.98
2071.50
1406.67
1399.39
977.98
1710.98
1913.78
1709.95
525.17
1326.48
874.99
910.95
958.10
1192.88
664.43
965.86
980.82
1362.10
823.10
799.32
747.75
1568.41
292.99
895.66
1822.94
1350.02
1657.10
2051.35
1785.53
1539.47
1362.66
1283.34
1671.23
955.70
1948.27
1729.30
1341.52
835.69
1396.28
1361.07
1139.06
793.91
1079.42
1874.94
1745.09
1443.02
1351.69
1381.78
1716.13
2081.90
1271.00
1215.10
1871.18
926.18
1344.74
1535.30
1191.54
949.41
1222.41
1505.74
1615.62
1517.50
901.18
1558.09
1826.93
1376.10
1732.20
1682.62
1683.49
1676.79
1030.70
1859.58
891.02
1355.22
1452.89
1531.20
1005.14
1094.18
1602.44
468.36
1292.22
1741.78
891.15
1110.55
1318.42
1539.06
1984.32
625.15
429.60
1551.54
1462.01
2005.92
1277.05
2085.58
1794.02
1996.18
1208.82
1182.10
971.31
1052.55
1521.66
1410.74
542.37
1785.47
862.00
1940.40
1897.37
872.22
1783.40
1336.74
1095.46
2008.70
625.15
1479.01
854.38
1447.39
1705.46
1270.30
456.04
1483.58
1862.74
204.05
710.38
1909.52
1549.46
818.44
1424.12
1851.70
669.75
648.57
1513.26
1927.30
1294.06
1944.62
1906.35
858.06
1887.32
1292.77
1747.22
1577.94
1154.26
1279.42
2184.98
543.56
2008.62
511.23
1900.87
1520.73
547.85
1248.46
1432.75
1368.75
652.83
1038.54
1960.67
1192.26
1335.16
1465.72
1646.30
1587.21
1849.58
1863.10
527.13
303.34
845.30
1584.49
1590.82
1897.19
1740.58
1608.60
1963.14
1643.68
1831.92
507.57
2156.10
1588.42
1344.74
1747.22
2135.78
1294.65
1961.38
1373.40
1648.80
1479.01
842.80
1475.26
1079.34
1392.50
1477.50
1738.93
331.74
1951.86
1039.42
1419.88
737.79
738.70
2111.06
1565.06
1705.90
1408.34
2125.38
982.34
1047.06
1837.20
1585.01
1133.01
793.48
953.46
1460.94
1612.74
1365.73
827.06
1489.02
824.20
891.02
1755.18
1239.59
1265.13
1311.23
1485.69
1573.12
1858.83
1237.65
1183.15
1959.70
1181.38
578.11
1897.82
1755.77
1799.46
1694.38
935.38
939.92
708.61
1649.04
1760.26
850.57
1511.84
2060.70
513.19
1238.04
761.34
1865.64
1073.18
1802.42
992.40
1635.45
1908.16
1466.31
1831.92
555.02
1823.47
1066.78
1357.75
1034.12
2117.94
1699.56
2137.54
2017.34
726.14
1451.82
1042.61
1839.05
1957.86
1364.82
1292.06
1117.69
823.65
1295.34
960.52
1350.18
1373.86
2135.78
1476.03
1384.78
1343.06
2009.50
1447.25
2107.38
1976.90
1659.44
2031.50
1774.05
1758.82
963.06
1449.94
978.74
2059.50
1754.58
1189.43
1269.90
1003.62
2014.72
1822.22
1503.90
1983.85
885.90
1082.30
1358.02
1778.42
879.10
1475.70
870.97
1854.54
1649.04
406.91
1757.55
2141.22
1798.82
1294.10
1471.45
669.78
1216.36
1839.67
1578.11
1385.78
1202.46
807.48
1317.20
1553.06
1179.30
2088.20
1125.68
211.88
1539.81
1388.26
2090.38
1785.47
1834.14
1806.58
1338.30
1472.38
1670.06
1195.94
908.14
1468.19
1339.93
1705.24
1152.99
1701.38
1492.02
1215.98
885.97
715.19
1490.86
1302.97
1664.76
836.44
896.62
966.66
1188.90
1326.61
981.10
1786.41
977.17
1824.13
848.42
722.51
1912.82
1035.24
1473.26
2062.94
1022.81
2039.66
2186.34
1866.30
850.57
531.63
1014.78
1550.04
2012.62
471.08
1858.86
1954.50
1389.11
1586.22
1050.25
648.53
1682.08
1088.72
219.21
1400.57
1755.09
2053.66
1705.90
2060.62
1294.46
1895.82
1183.94
889.90
1279.64
1293.98
832.75
1247.66
1090.94
2110.82
1535.71
1667.42
978.26
1684.01
1550.04
1198.14
1370.34
1067.40
1892.54
1252.28
2009.98
2088.78
558.34
2123.38
208.09
1894.86
1302.97
1930.50
1927.70
849.66
2109.54
1898.62
1682.33
1353.70
415.96
1060.86
1663.58
1361.86
1389.10
1783.46
1122.18
1969.94
1668.30
1153.75
321.91
2122.90
454.99
203.33
1603.43
1268.88
1883.49
1871.76
983.62
1944.89
1182.50
1503.35
1596.56
1764.28
874.99
2027.15
922.82
1847.26
1254.06
1176.26
1639.12
1193.30
1927.01
1027.32
976.90
1676.48
2111.54
885.82
443.59
996.74
1346.94
933.22
932.21
1661.10
1378.10
2139.70
779.08
2033.98
906.30
1952.80
2141.06
1567.43
1303.49
1522.60
1079.27
2185.22
1366.61
969.85
1830.46
805.67
1229.86
742.25
716.56
494.63
1833.27
2135.54
2111.06
2108.66
1103.58
667.85
1574.90
2041.45
1161.19
546.79
1366.74
1453.18
697.15
1360.76
869.00
866.55
1284.70
1898.86
1080.37
389.23
925.38
1991.06
1133.14
2123.94
2142.66
956.45
1283.10
2144.42
1198.24
966.87
1172.73
1478.86
1500.30
1649.90
911.26
2083.13
1792.18
1469.26
867.74
1926.36
1689.66
1434.42
1762.90
1496.46
949.34
2037.98
2008.62
983.38
1519.98
1589.30
1127.22
716.15
1253.58
711.07
802.26
314.33
1686.98
1838.24
1858.83
1224.24
1749.46
1462.01
1940.90
1477.74
1366.00
1494.23
664.61
1755.05
1767.78
1273.26
1817.77
891.15
1929.30
2090.54
1736.26
600.23
1323.93
1537.86
1872.44
669.85
1230.44
1425.95
966.50
976.80
1979.30
1548.58
1806.11
1551.54
1115.49
1846.41
1492.08
1721.56
1487.54
1623.65
1377.55
956.43
1362.70
1820.38
1586.21
1542.90
1454.30
1209.22
1249.41
1090.31
1588.58
1556.70
1479.82
1365.21
1499.93
859.34
1203.75
1901.34
868.60
1789.78
960.82
1366.98
496.70
2025.34
1024.54
751.05
570.99
1928.98
1329.98
666.85
1146.55
2179.19
1509.50
1059.18
1969.62
1542.82
1634.30
1477.26
1090.66
1898.70
1448.17
568.93
1871.27
1691.68
1556.90
1685.02
2185.38
1536.66
2011.66
1742.90
953.54
1260.96
1189.47
1449.74
1370.42
1490.51
2170.34
1543.94
1265.98
1658.54
1664.83
1104.21
1843.97
1233.03
954.02
1030.38
1370.42
1711.58
825.54
1865.76
1104.25
1899.69
1588.42
1022.81
1694.46
1632.61
1625.46
1699.90
974.30
837.36
1823.47
252.06
2077.18
1787.57
1990.50
1696.72
2129.86
1696.72
1523.26
1807.33
386.51
1434.84
1130.74
842.38
1979.83
1599.57
1339.72
1099.58
1691.15
1564.90
1483.58
1639.10
1982.07
1408.26
905.79
1403.29
1375.88
1012.00
566.35
666.59
865.85
1669.82
459.21
669.85
1036.44
1749.31
1971.23
1866.62
1596.56
1965.46
980.10
981.58
1749.30
1809.83
803.85
458.12
1215.82
1699.90
1619.00
1456.46
1852.47
594.78
609.91
1773.62
947.62
1410.50
822.36
2060.62
1612.08
1192.74
1116.08
1547.75
997.86
1077.12
1990.42
1051.72
1862.45
1129.86
1359.94
1511.93
1285.50
2148.50
1381.70
1629.58
1188.10
2078.94
1165.44
793.58
1371.30
1499.68
1702.70
1394.07
1730.26
1170.54
1915.86
1732.02
2132.85
1624.12
974.10
1491.90
701.32
1873.45
1615.95
1798.38
1833.24
744.24
307.18
1824.46
1976.26
954.25
1787.57
776.99
1260.96
1027.50
850.25
1899.58
1456.34
753.80
2034.54
1727.10
1432.79
972.95
826.75
1437.95
1634.94
1824.13
1506.38
1294.30
1194.82
1421.47
1839.05
1750.90
2102.50
1952.90
198.42
1698.00
1429.72
1759.94
358.88
823.67
1710.30
1864.62
1671.08
1285.11
1344.26
1979.83
1765.67
1256.62
1929.54
1640.78
991.38
2049.74
1696.72
1483.06
1380.60
1282.80
771.03
2010.78
2174.74
1624.58
1930.24
2174.74
1798.38
1749.62
1470.54
604.46
705.39
1461.39
837.80
1623.81
1724.58
1613.54
969.85
1985.62
1365.30
1556.68
1939.22
1535.30
1405.78
744.79
835.90
715.19
1184.25
774.64
1514.62
1662.92
1804.02
1365.22
1425.33
1274.18
463.51
960.47
1726.51
1658.97
1180.26
857.90
862.35
1403.60
1282.80
1275.98
1482.63
888.28
1587.21
1628.82
2124.16
924.35
1043.20
522.58
753.80
1966.04
1371.86
1806.06
1399.55
1570.42
1543.62
1448.70
1983.38
1105.81
1781.70
1000.50
1558.12
1202.46
1392.40
1387.78
314.81
1883.42
1839.05
1700.08
972.34
1241.46
1796.98
864.50
1755.70
986.26
1561.50
484.65
1673.89
1941.60
1827.98
1116.80
1751.03
1842.10
418.20
1995.40
1880.76
771.81
1346.18
1974.82
2030.46
705.96
1826.93
1208.82
928.66
322.00
1916.37
1546.72
871.26
1970.01
1483.77
1073.74
1835.42
2026.99
972.86
1185.24
1545.67
882.14
455.71
1560.24
1124.26
402.81
1654.54
304.71
1068.54
843.42
1342.82
1649.49
1899.57
1661.61
1623.81
437.40
1230.91
1423.27
1881.72
1208.82
1195.98
2044.46
1642.15
1453.25
1555.62
1208.82
1634.46
255.58
2183.54
1365.73
1166.93
677.71
399.11
1889.90
1361.08
1414.10
1967.87
1728.07
1237.07
1740.26
1544.34
966.26
1684.54
1282.94
1625.46
1896.27
1534.82
2160.42
983.78
1745.09
1071.44
830.07
1587.80
2104.50
904.38
964.07
1707.42
1211.75
1496.46
1195.78
1374.66
984.42
867.94
1364.54
863.66
2166.66
848.38
1392.26
1934.26
1419.34
1990.82
995.50
1210.10
1380.74
1646.86
900.38
804.60
1448.70
1284.06
1140.74
1868.30
1154.10
927.06
1045.96
1154.03
1364.68
2154.02
1142.18
908.20
1824.13
903.50
1922.50
2178.50
1950.74
1736.18
1192.62
1372.42
841.58
413.73
1735.78
1952.80
1788.75
1404.98
2185.06
1380.02
1835.33
1160.22
1460.61
980.14
1339.86
1772.40
1183.14
837.02
1870.70
1575.52
1437.87
1892.06
1491.90
2061.34
2183.46
862.22
915.60
1447.90
1455.18
1815.02
1841.10
1135.54
2152.34
1447.74
2124.74
909.98
1186.98
1990.02
353.04
884.52
890.70
757.89
1558.24
1905.91
1688.46
975.10
1163.21
1984.41
849.90
1721.56
1825.82
1253.76
867.46
1845.34
1451.85
1319.95
1377.63
2062.30
1537.70
1522.76
864.06
1515.99
1605.84
1552.51
1448.73
468.58
1039.34
1150.18
931.76
1649.42
2012.21
1730.10
2143.74
1959.38
1913.87
1154.34
1611.66
1045.66
1782.98
1898.57
1192.98
1967.38
2050.62
1835.69
1747.22
1148.90
1558.02
1496.70
1698.50
1167.60
2073.98
2214.64
1846.43
991.78
1696.65
2163.22
1643.96
1619.00
1833.74
1881.72
883.99
1671.10
421.89
857.58
1742.34
850.57
1261.74
1657.10
1614.26
1783.22
1664.54
1561.15
894.86
1829.34
2086.86
1810.87
1536.42
2061.25
1160.78
981.72
1575.52
1272.84
1612.43
1443.96
1519.98
1962.34
2130.10
1977.06
983.30
875.39
1879.79
1058.50
1468.46
991.30
1603.60
985.60
972.95
843.90
1285.90
1367.65
1624.68
1185.24
1663.39
1599.27
1964.86
2160.58
2056.77
432.64
955.62
838.06
1387.17
1899.58
835.54
1619.00
2128.66
804.95
860.30
1760.00
1728.07
1632.10
1696.65
486.64
785.70
1258.76
1271.26
1637.98
1453.02
1462.01
1277.18
1207.42
1558.12
722.43
1373.70
1448.22
1967.78
1784.98
1829.06
1062.70
1250.22
1098.58
1649.97
836.10
1001.22
1676.79
1478.31
880.48
2161.54
2143.38
1368.20
1587.14
885.68
956.43
1351.30
858.86
1778.10
1456.46
1568.18
874.99
1098.62
981.72
1468.01
1658.70
1368.73
1931.05
1590.10
890.24
923.80
1344.18
1021.19
2090.54
972.78
924.98
1827.44
1392.10
802.95
845.10
1062.38
922.65
624.78
737.23
339.21
1489.28
2036.46
715.19
1624.11
1769.91
2032.94
1086.14
1994.98
1930.24
1043.15
1494.23
1896.54
1631.10
2148.90
1349.04
2028.22
1836.30
1003.75
1642.54
932.55
1724.02
1294.70
1437.95
1070.87
1653.69
807.48
929.14
960.52
1209.02
966.26
962.90
721.66
784.80
956.18
1031.82
1348.87
326.96
1400.26
1506.21
1181.57
1956.89
662.73
1978.98
1658.70
1705.90
2028.70
910.70
1492.34
1948.27
1450.54
1408.10
550.94
1585.60
1136.26
2041.47
327.07
1496.46
1827.44
1459.63
1794.02
1194.30
1050.04
1476.14
1587.80
1943.24
1513.98
1090.26
1659.50
1703.20
752.69
1783.40
1549.21
1772.74
839.50
303.94
1218.32
1338.30
1696.65
1512.94
1063.46
1345.62
1607.52
1373.90
1419.88
1661.61
1886.08
1729.30
1990.58
1211.89
1709.95
883.11
1917.57
1510.15
1189.47
1130.42
1976.90
1536.82
1273.45
1898.22
1471.58
1202.90
1944.62
1836.15
1863.18
2167.86
1382.66
1513.02
1696.72
1352.68
1819.18
1498.66
2032.06
1424.84
1709.95
1600.42
902.09
2109.46
2090.14
2171.86
639.73
1079.90
1964.86
1365.94
959.12
650.68
1171.68
1952.80
1019.02
896.38
1759.97
1120.03
1709.95
1640.78
1346.98
416.16
958.15
1740.72
1382.66
776.35
834.06
1787.57
1588.34
1480.22
2169.30
1430.04
471.49
1965.86
1476.48
1304.67
2084.62
1479.01
1782.18
837.55
1576.02
1796.70
1459.18
1403.62
1350.86
1837.11
1021.26
2095.20
1792.82
1476.48
2008.22
1446.87
1785.47
959.12
845.35
1172.47
903.34
1689.42
1222.60
2121.78
1366.61
1494.23
1492.02
1841.66
1315.00
964.10
2047.98
1987.78
1215.96
1240.87
1107.96
996.74
2239.35
737.28
1450.70
1487.93
1895.66
1221.65
1953.03
650.68
1354.18
953.54
1441.88
1492.02
852.10
1030.24
1640.46
842.06
1947.94
1466.62
2116.90
1842.22
1443.02
1559.85
1018.30
2186.66
1075.50
1755.46
1113.16
846.60
2039.58
1724.34
1147.54
925.21
1090.26
2118.58
1283.82
1450.14
1901.10
1178.61
1344.26
1937.78
1368.82
1623.70
1613.22
704.94
1502.02
1177.22
1002.02
1327.55
878.13
1231.67
1770.37
802.20
1640.30
2008.30
1130.42
1796.98
1648.25
1798.38
1792.20
1197.10
2119.46
361.65
929.06
1194.93
1387.38
1776.59
685.63
938.30
1313.53
1827.44
1809.29
1139.11
1787.57
1695.34
936.63
1550.98
2139.94
1680.30
1272.30
1054.58
960.47
1992.50
889.10
1252.38
1963.50
1832.34
1478.93
650.68
1757.06
1698.38
1398.13
1054.58
1593.24
1628.27
1366.55
1273.32
1029.87
1721.56
1920.18
2036.19
1647.51
2067.02
1510.91
1968.40
517.47
1437.50
1038.70
1287.00
1744.26
1450.66
1307.60
1176.26
800.18
2028.54
1584.73
924.66
1870.38
931.46
1462.01
1578.97
1344.71
1715.24
1265.57
898.86
1453.82
1202.44
741.64
1614.75
707.30
2087.34
1536.60
883.90
2026.96
384.87
1572.94
1483.58
1399.39
1627.31
2181.06
1642.54
884.78
1349.78
1788.18
1976.50
1458.78
2032.10
1478.11
1662.88
1802.58
1381.38
1728.02
1566.02
993.47
1346.82
858.14
1002.86
2070.70
1891.18
1881.72
1285.23
1375.22
1025.75
913.29
1831.92
2040.62
2035.40
568.97
970.90
2121.14
816.05
1646.46
1354.74
2046.38
323.24
1265.57
2177.86
2060.54
776.84
1738.50
1706.00
1915.79
2010.06
1952.80
1371.86
1658.06
875.39
1742.10
1029.18
1333.50
1481.77
283.63
2124.16
650.68
580.91
1549.30
1349.04
2095.05
1467.17
1970.10
2132.58
949.04
1837.25
1623.81
2084.94
989.31
883.86
1801.00
1581.62
1649.66
885.36
1742.48
2197.33
791.20
1003.92
1064.86
1932.50
1809.83
1748.02
2179.19
1752.34
1068.70
636.77
786.80
1796.98
2166.50
1815.02
1913.87
1170.26
1737.54
1443.02
1988.56
931.62
1376.59
1659.50
2130.29
783.03
1859.74
1634.05
1094.42
1493.02
1083.46
1375.88
1125.78
2151.46
911.88
1555.56
1980.99
1386.98
691.55
1737.86
1473.75
1076.62
1587.62
1885.58
1403.60
917.79
1957.30
1547.75
1744.74
697.24
1443.02
862.61
1561.20
974.30
1140.02
1795.46
1824.54
1106.42
1284.22
1275.98
1215.96
947.86
1887.18
1849.58
1282.94
1714.80
1554.66
2056.94
1746.90
1951.77
2038.06
1538.89
1780.89
1641.26
1648.25
1539.00
2010.70
1828.37
1830.30
2055.50
1512.70
682.22
1090.35
518.19
1300.38
2046.96
1608.94
871.26
907.28
882.94
1550.68
895.26
1154.77
1871.66
1752.18
1287.00
1507.18
930.57
1264.78
874.99
1355.94
1225.63
1109.32
1829.10
2112.74
1861.49
809.52
1085.78
1339.93
1130.10
1490.38
1664.76
1343.86
1757.81
1852.38
1483.33
1584.73
1075.65
1235.40
1274.46
1979.54
1053.10
992.40
1614.82
580.90
2106.26
1146.90
1378.10
988.82
1769.62
896.46
1889.71
1871.26
1085.54
1999.25
888.62
928.56
1810.52
1385.07
1498.30
2138.18
1078.38
1438.41
1603.60
255.57
1668.06
1216.36
1781.00
1964.05
1188.23
1480.05
1588.90
870.71
1387.43
1959.94
729.52
997.54
505.30
976.80
1077.12
1407.86
1276.06
1826.14
1633.26
1119.17
1519.90
1732.46
1175.46
1657.74
1116.66
1357.54
788.53
1924.58
1875.90
956.44
621.12
879.65
1948.27
1843.97
1024.24
1871.27
1574.93
1189.47
1960.67
1180.40
1809.29
1445.70
1038.54
1584.73
1244.54
1456.54
1282.80
1149.07
1775.22
1378.59
1628.72
1788.75
1925.32
1554.18
1450.86
911.74
1282.00
1352.74
1785.53
927.70
2059.82
1465.34
999.22
844.70
866.18
2028.70
1455.02
837.55
1649.42
2150.34
2186.50
1129.12
1397.14
1575.52
748.98
346.03
1958.90
1076.46
1455.37
1172.51
710.25
1572.50
1721.56
1414.10
1739.18
1941.14
1122.10
935.38
1277.18
1022.47
998.08
2110.50
1288.31
884.70
535.67
862.61
2115.22
2179.19
1348.90
1803.06
836.70
1470.70
1466.31
1115.38
1018.62
1511.98
990.00
1576.98
1553.21
1802.34
1453.26
1030.86
1343.62
1880.76
922.65
1204.21
1483.58
1270.86
1216.91
1019.85
1341.11
1113.16
1871.76
957.54
1829.74
1961.54
1492.75
1586.22
259.78
417.30
1599.06
1664.70
969.56
1827.18
1419.65
1775.01
658.92
1810.35
836.22
1875.72
892.61
1521.08
1494.23
823.67
2126.66
811.55
748.42
1336.74
1384.58
1665.23
1273.45
1874.54
1364.54
550.20
1944.89
2179.19
886.22
1511.02
1235.69
2089.58
1054.58
1684.70
1578.95
1093.30
1486.17
1189.47
1276.54
1536.60
1441.58
1142.98
773.35
1021.37
990.34
1155.05
1945.58
2139.94
1640.86
784.80
1658.30
980.35
1355.42
1371.06
866.18
1094.34
1698.67
956.34
1564.66
1666.18
928.26
852.02
1883.49
978.14
1882.70
1325.45
822.36
1613.86
862.61
1659.79
1665.66
2114.49
974.18
293.49
1885.74
1648.21
1607.14
1499.68
1590.10
1445.20
2155.54
1346.18
1662.88
1575.87
1755.09
795.80
2130.42
1088.06
1253.26
1764.66
1871.42
1691.15
1344.18
2115.78
1740.72
942.15
1340.10
1036.38
846.30
1209.83
2035.18
2064.94
1677.40
757.65
1458.78
883.11
1564.82
1732.96
1119.04
1346.74
1541.14
1450.22
905.10
1856.06
1817.62
1200.83
754.90
1840.78
1516.58
1145.46
1312.16
1423.20
835.54
1701.74
883.18
1466.31
990.84
2090.38
1451.74
1394.38
2124.98
1220.35
1768.98
1543.70
1260.96
2104.98
1593.12
1912.98
666.59
1651.58
971.62
974.06
1985.22
1237.07
2021.82
853.02
1451.85
1216.36
1921.31
1587.80
2154.66
1194.74
1713.04
2039.18
958.15
1360.66
883.11
1419.88
1189.18
1267.98
842.75
1692.06
1765.78
1598.35
1138.56
1417.95
1832.86
2173.22
1405.38
776.45
1229.87
1278.15
1447.02
965.62
1554.22
1501.24
1682.08
389.31
1568.10
1787.41
1364.54
1691.68
835.47
1837.20
1864.94
1776.67
404.13
2239.35
1380.57
1759.06
1292.78
885.98
1794.82
1190.47
1827.44
1703.58
220.65
1455.37
412.77
1780.07
1215.04
867.56
2034.14
2016.46
1361.39
1405.60
1202.86
1804.68
1869.26
442.88
1638.66
1058.48
2159.38
1040.45
1705.34
1700.78
1896.38
1470.90
1670.06
848.94
970.10
648.57
1752.42
1547.75
1023.65
1001.05
1515.99
908.94
1984.40
196.69
1696.72
1490.96
862.61
1146.38
723.46
1136.18
1868.71
1349.62
1255.07
1107.96
1636.70
1353.62
1146.78
1758.08
1150.58
1388.05
1345.78
1080.62
1599.27
2164.10
1013.59
1286.22
753.80
1725.54
1182.67
583.16
1391.86
1387.27
1752.72
2020.88
1316.65
2124.16
1228.68
1892.86
1037.18
1516.29
1339.93
641.00
1473.34
1534.35
1725.54
2053.50
897.26
937.30
1339.93
1682.62
636.51
1738.65
1403.60
1266.68
1831.92
1843.97
1167.78
980.62
1227.70
1682.98
1749.38
870.30
949.30
769.74
2073.10
1090.35
1504.62
1183.74
1505.56
2069.90
1756.90
1643.96
1250.66
1558.98
1073.02
1438.37
918.65
1314.74
1277.26
1344.71
1602.17
1499.24
1167.54
873.98
1375.88
860.94
1459.34
1732.46
1711.55
1826.46
1052.55
2053.58
1240.52
1457.98
1186.64
1580.26
1548.99
1228.94
1634.94
1197.34
1837.11
483.34
1353.06
1889.02
1681.26
1815.02
1618.82
1829.06
1941.94
1517.18
1641.50
1441.02
1265.02
1837.20
1095.74
1285.34
1038.78
1502.25
1372.31
1109.97
1168.72
1509.34
967.38
1987.76
1970.42
2113.70
1617.05
1141.31
1266.94
1760.00
570.99
1414.10
959.06
1761.95
1360.02
1087.47
1726.74
713.71
616.24
950.10
1780.65
2146.58
1454.86
1798.47
1967.35
2030.70
1710.72
1852.47
1153.66
1787.41
790.83
949.34
1375.25
1271.55
952.74
1734.74
1261.66
1271.10
1658.97
1672.22
867.66
1344.09
1839.18
878.78
1192.58
2041.10
1575.62
1059.70
972.94
1301.66
954.80
1374.90
835.02
999.66
1409.14
2015.02
1029.87
837.80
835.02
1740.72
888.30
1030.38
956.61
1883.49
1177.14
1735.14
1765.67
900.22
1399.39
748.98
1944.45
1429.11
799.81
1785.47
1970.01
924.98
2161.14
1653.44
1820.48
1579.14
847.33
1373.91
1031.74
1344.10
1758.92
685.34
1137.78
1760.00
1365.73
1094.26
1567.43
1565.62
1798.38
1346.87
1136.74
1501.24
1601.48
1287.00
1208.22
1461.90
807.70
339.29
2024.95
1731.14
944.85
1238.04
1193.72
844.79
1774.05
1522.60
837.55
1682.48
1581.38
1195.18
1612.43
1450.86
1453.25
1130.74
2107.86
1689.98
1756.98
1909.52
1500.14
1605.84
1676.46
1110.00
1893.48
1345.18
1199.58
1755.05
1827.82
1327.55
1770.10
718.71
1406.66
910.94
1019.85
1077.35
2056.38
1587.21
973.38
1593.12
1483.58
1608.55
924.35
1096.55
935.40
1467.52
1292.86
1045.96
1478.11
1503.98
926.58
849.82
1574.06
1611.66
1504.30
1348.47
1396.28
934.03
2130.65
819.62
1058.50
1143.66
1042.86
1558.12
2279.82
2095.05
973.42
1703.02
788.53
799.12
2059.34
1354.50
1317.33
1365.73
1079.82
1054.58
1971.38
1749.60
958.15
1602.10
2239.35
2166.82
1490.96
1677.40
1269.12
1659.42
853.74
1068.78
1128.50
972.58
397.54
2149.38
1243.10
748.98
1279.31
1798.80
1132.90
1777.90
2040.94
1046.17
1007.60
1740.89
1394.66
683.10
576.25
748.43
1486.54
1840.62
1351.69
1781.78
974.06
1972.58
1201.58
1370.74
1851.18
2148.66
1562.98
1367.01
1632.14
1195.03
1041.96
1539.00
1558.09
1785.91
1556.78
821.14
2098.07
1793.52
1769.06
2050.62
1932.17
1575.87
1032.86
2089.98
1776.62
1076.22
1248.84
746.34
1755.05
1338.47
1775.31
1755.18
1468.19
1486.51
1483.58
1429.72
1483.06
686.23
1410.58
1737.86
795.80
1710.98
1023.65
1691.15
1132.58
951.06
702.30
1554.74
1371.86
996.42
1516.58
1249.66
1880.28
1433.30
1397.04
899.58
2115.70
1542.72
2115.38
1949.46
1478.31
701.87
682.22
1889.50
1419.08
837.80
1667.50
1691.67
1640.78
2117.30
1484.94
1874.62
1768.18
1647.70
1799.70
1591.94
1306.64
1192.42
967.86
1006.10
1074.54
1164.20
1522.45
1077.34
1468.01
1361.62
1691.15
1136.26
2092.04
1718.71
648.53
807.48
1761.38
1255.18
1292.70
1349.30
1451.66
852.54
892.10
1667.98
878.78
1095.77
1783.38
1623.81
1778.90
1525.26
2133.62
1427.67
1432.79
1475.74
1643.68
1801.30
1545.59
624.78
1394.55
1406.95
750.76
850.57
644.69
1062.70
1614.10
1796.67
1298.70
1976.50
1940.98
1633.84
1523.26
1664.30
1052.96
609.02
624.04
853.10
1815.02
1963.56
899.81
1428.20
1351.38
1839.18
1345.86
2131.94
1997.52
1810.87
976.42
1956.89
972.58
932.10
573.12
1294.22
1131.78
981.10
1522.45
1478.14
2162.03
1454.86
1831.92
1054.58
892.46
1512.70
1194.58
1988.18
2060.78
1224.40
1288.04
1576.02
1480.87
1444.77
1344.09
900.54
1894.85
1489.50
1347.32
1922.26
492.61
1561.20
1506.38
1368.90
1342.58
866.95
1458.38
1678.66
1513.16
803.54
1445.66
695.66
1738.66
1196.00
1862.94
962.14
1518.38
1967.38
2026.05
1194.70
1869.66
1574.15
1803.97
631.42
943.25
2087.02
932.62
1693.46
1306.20
1549.62
329.27
1468.70
981.62
1389.11
2069.98
1972.90
489.68
1539.46
664.43
1913.70
867.58
1568.41
1119.78
1773.62
1975.94
540.97
301.47
874.70
1418.07
1339.10
1077.12
1151.04
1383.86
802.95
1496.46
1063.90
1368.13
923.53
857.82
1883.35
1886.04
1156.67
1202.06
1494.68
1822.28
764.24
1201.79
1559.85
1236.87
993.55
1505.55
1218.86
1539.47
664.61
1394.82
1785.53
1742.10
1515.90
1584.49
1416.76
929.16
1856.06
788.62
1354.18
1170.54
1754.80
927.54
1499.68
1367.65
1256.86
1352.02
1192.18
1930.24
1740.85
2128.66
848.89
1592.82
1001.00
1468.38
2053.02
1458.54
1292.22
753.93
1287.00
1235.69
1594.42
1458.62
1837.20
1851.70
897.78
1824.94
1673.70
2034.14
1050.05
1158.68
830.45
1344.10
2084.46
1231.29
2103.70
1608.55
882.35
936.12
1291.42
1248.79
1520.40
366.67
1134.47
1113.16
1448.22
1682.86
2168.58
1378.50
1378.50
903.30
683.10
1577.93
990.84
1049.76
1577.55
2087.10
1002.66
1001.38
1419.09
1144.41
1004.82
1131.06
1902.48
1455.61
1387.43
459.21
325.52
1774.05
835.42
801.65
980.40
1415.49
1202.69
852.02
1732.46
897.78
862.61
1606.63
1195.46
1150.58
1307.57
1445.90
1572.74
1578.18
980.50
1931.21
1476.48
1454.46
1791.69
966.26
2108.34
1515.54
1767.06
1447.25
1150.18
1709.95
985.46
1829.06
2148.18
1790.90
1505.50
1570.34
1983.30
1502.02
1645.06
1843.82
1410.58
864.31
1466.30
1899.69
2043.34
2000.42
1455.29
1049.25
897.26
1378.58
2035.10
2071.15
449.27
1476.48
620.47
1342.90
1987.70
1354.90
1637.34
974.30
1181.66
1705.24
1454.05
1601.51
1467.52
1499.68
2071.66
1643.96
788.62
843.82
1346.82
1400.57
1623.63
1605.84
669.85
1573.25
748.98
632.29
2040.46
1270.70
1643.96
1961.46
1723.46
1586.25
1710.70
695.66
1024.22
1368.20
1372.31
1321.28
723.18
1815.02
1746.50
1459.41
570.99
1021.41
1686.98
1603.85
1654.86
1460.70
800.30
781.72
964.66
906.55
1690.14
902.06
872.45
1921.68
1556.50
1977.89
870.30
860.78
415.96
1485.26
1077.12
1662.88
504.09
1740.72
1854.78
1763.78
1442.86
1447.74
1384.82
434.56
1851.02
1649.04
1204.38
908.46
857.60
1115.94
1062.52
871.35
1948.27
1438.61
1362.02
878.54
852.02
1222.60
1267.42
1905.50
1786.74
622.53
1574.15
929.68
1774.60
1520.73
1242.01
1339.22
1515.54
1785.53
2143.38
1649.42
1609.04
1758.90
2085.02
1249.66
1629.10
1587.40
990.84
925.38
1740.02
935.62
1267.98
897.78
1466.31
1019.85
1000.10
1142.74
726.14
1331.81
2069.02
738.92
2182.34
866.76
1813.60
949.34
1368.34
1892.46
1388.05
1561.20
1251.14
1612.03
870.97
1774.42
1394.38
2120.98
2053.55
1916.82
1112.50
996.26
1852.26
2055.50
1073.90
1387.43
1345.78
479.37
1899.57
1495.50
1770.37
1720.21
1884.46
1309.57
1675.74
338.66
1394.55
1222.60
1372.83
854.28
1989.86
1468.78
1410.58
874.99
1597.78
1177.53
156.60
676.38
924.90
1950.51
2070.86
1749.93
1463.10
1460.30
913.15
1355.30
1067.26
1895.85
1513.25
927.49
1298.86
1381.06
1754.30
682.25
1113.94
1919.06
1443.67
1698.00
1873.19
2018.09
2064.46
1568.41
1130.42
1659.50
892.38
1036.60
867.46
1243.24
474.24
1744.34
1823.50
1943.46
1612.43
1602.47
1024.22
1273.45
471.28
2047.02
1968.18
1483.33
1704.70
1587.21
995.62
1519.50
811.43
1543.86
812.93
1852.94
1435.96
1538.88
861.18
1494.94
2123.70
1355.86
1810.09
1140.52
2081.82
1345.02
972.34
1844.06
1544.50
1561.20
1284.51
1361.08
907.18
1259.36
2074.86
1596.56
619.76
1594.02
936.42
2128.50
988.29
1964.02
1836.03
519.13
1131.33
1661.61
239.40
1410.58
1991.00
1392.10
1710.72
1123.38
785.59
2071.15
1996.02
919.68
1638.62
889.12
1726.18
1419.48
1394.32
1988.39
2027.89
1482.54
966.66
910.22
1875.72
1062.52
1998.15
1365.73
1832.70
848.70
1680.38
468.91
869.90
822.65
879.65
1798.47
875.39
1542.97
1844.58
1522.60
1528.36
342.02
860.30
993.45
934.93
951.94
858.15
1193.10
1707.38
1992.58
1344.09
1742.48
983.96
1359.94
902.09
1650.94
1547.50
2077.42
859.42
1535.30
1507.04
900.46
1899.69
1406.90
1539.06
1598.64
1580.50
1243.11
979.46
1076.51
2037.10
1358.85
1854.76
1302.38
2147.62
1990.26
1185.22
365.94
1669.70
1921.86
1275.03
1238.04
1762.02
1261.98
908.54
835.69
1988.98
1370.18
1372.26
2014.72
1889.90
1940.26
934.66
1680.04
1730.26
1367.22
475.21
1186.10
1788.75
1186.50
1623.91
1774.34
543.56
494.63
759.56
1881.72
966.74
